1     5U 58002B   20196.14828644  .00000104  00000-0  14963-3 0  9996
2     5  34.2434 146.0552 1846679 112.4439 268.1611 10.84858692208258
1    11U 59001A   20195.69755317 -.00000123  00000-0 -61531-4 0  9995
2    11  32.8696 316.8600 1468441  39.6199 330.2959 11.85690718619842
1    12U 59001B   20196.44882485  .00000131  00000-0  57764-4 0  9997
2    12  32.9042 256.5058 1664475 217.8783 129.2377 11.44294029525644
1    16U 58002A   20195.80453432 -.00000128 +00000-0 -17367-3 0  9998
2    16 034.2670 078.4805 2024501 348.8396 007.3029 10.48682997461600
1    20U 59007A   20196.42693453  .00000130  00000-0  61314-4 0  9990
2    20  33.3431  85.9782 1664603  49.8093 323.6773 11.55694172233751
1    22U 59009A   20196.43596359 -.00000185  00000-0  96492-5 0  9999
2    22  50.2852 335.4621 0139477   1.8564 358.2873 14.95160251229369
1    29U 60002B   20195.69378912 -.00000148 +00000-0 +90292-5 0  9992
2    29 048.3781 184.7820 0024303 343.1850 016.8254 14.74362686222414
1    45U 60007A   20196.30333364 -.00000064  00000-0  11385-4 0  9998
2    45  66.6955 310.1598 0262312 295.3633  62.0515 14.33681162126555
1    46U 60007B   20196.37796595 -.00000059  00000-0  11407-4 0  9994
2    46  66.6915 333.7673 0203055 111.9650 250.3173 14.49304325143009
1    47U 60007C   20196.40149411 -.00000088  00000-0  57952-5 0  9996
2    47  66.6662  82.9554 0235245 283.1219  74.3730 14.42093032139000
1    50U 60009B   20195.84402791 -.00000100 +00000-0 -12322-3 0  9998
2    50 047.2326 039.3641 0113896 044.3510 316.6336 12.20112734673447
1    51U 60009C   20196.21427946 -.00000076  00000-0  74826-4 0  9999
2    51  47.2127 264.6312 0108563 242.2658 116.7084 12.18276230667342
1    53U 60009E   20195.86004577 -.00000053 +00000-0 +31693-3 0  9991
2    53 047.2734 177.5529 0097148 160.3084 200.1493 12.17241716671784
1    58U 60013A   20195.67400947 +.00000098 +00000-0 +16616-4 0  9998
2    58 028.3297 321.6103 0165061 286.3568 071.8887 13.46322741942152
1    59U 60013B   20195.81087648  .00000101  00000-0  15647-4 0  9992
2    59  28.2492  82.8096 0189298 147.4203 213.8179 13.52977531950686
1    82U 61004B   20195.88020007 -.00000042 +00000-0 -70460-5 0  9993
2    82 038.8607 100.5210 1174561 211.1928 141.3580 12.26062520811055
1    85U 61004C   20195.45370156 +.00001740 +00000-0 +38820-3 0  9998
2    85 038.7697 248.4327 0388412 314.2243 042.7213 14.20800751934799
1   107U 61013A   20195.87642224 +.00000179 +00000-0 +40089-5 0  9994
2   107 028.7909 032.2250 0546808 340.6347 017.4175 14.08971546969955
1   115U 60002D   20196.12786439 -.00000088  00000-0  16762-4 0  9996
2   115  48.1659 145.9645 0034823   4.9618 355.1633 14.83589836216936
1   116U 61015A   20196.34895779 -.00000033  00000-0  33814-4 0  9991
2   116  66.8096 142.4703 0077258 344.8112  15.0647 13.91772394996045
1   117U 61015B   20196.09038253 -.00000064  00000-0  97119-5 0  9993
2   117  66.8110 239.1491 0076796   6.0124 354.1858 13.89853523993732
1   118U 61015C   20196.05064410 -.00000039  00000-0  26060-4 0  9992
2   118  66.7648  53.0702 0083801 350.1925   9.7519 14.01681504 13275
1   119U 61015D   20195.51477300  .00000009  00000-0  39036-4 0  9992
2   119  66.7273 236.5613 0101677  21.1858 339.3401 14.23296506 50395
1   120U 61015E   20195.57856441 -.00000044 +00000-0 +16144-4 0  9992
2   120 066.7075 305.0111 0111370 129.4146 231.6874 14.25399951039491
1   121U 61015F   20195.77844327 -.00000053 +00000-0 +16723-4 0  9998
2   121 066.7483 018.9240 0086534 075.2677 285.7976 13.99691992023416
1   122U 61015G   20195.66962610 +.00000199 +00000-0 +51304-4 0  9997
2   122 066.7497 173.7945 0064430 120.9107 239.8368 14.69222691095059
1   123U 61015H   20195.61463240 -.00000003 +00000-0 +28028-4 0  9990
2   123 066.6856 055.1740 0109462 049.4984 311.5592 14.37072993068158
1   124U 61015J   20196.05237570  .00000074  00000-0  59890-4 0  9993
2   124  66.5417 203.8653 0079689 198.7619 161.0537 14.30495001 49435
1   125U 61015K   20195.77570699 -.00000058 +00000-0 +12758-4 0  9999
2   125 066.8759 295.8451 0079373 212.0828 147.5416 14.05515342012918
1   126U 61015L   20195.41497235 +.00000075 +00000-0 +54011-4 0  9991
2   126 066.7132 079.7594 0061725 046.4219 314.1982 14.36254148053075
1   127U 61015M   20195.51090971 +.00000166 +00000-0 +80050-4 0  9992
2   127 066.8314 290.9142 0079741 228.7357 130.6861 14.38773751054706
1   128U 61015N   20196.43127201 -.00000032  00000-0  30897-4 0  9999
2   128  66.6735 186.1225 0094463 357.2976   2.7583 14.01193422 12281
1   130U 61015Q   20196.30134498 -.00000054  00000-0  16272-4 0  9999
2   130  66.7691 214.4402 0085255   3.3042 356.8585 13.98714215  9319
1   131U 61015R   20195.73279144 -.00000038 +00000-0 +26776-4 0  9996
2   131 066.7360 094.4274 0076719 142.2546 218.3955 14.00690162000247
1   132U 61015S   20195.70889264 -.00000072 +00000-0 +50966-5 0  9991
2   132 066.6593 279.7721 0079126 214.3455 145.2495 13.94321750001878
1   133U 61015T   20196.21553137 -.00000021  00000-0  28127-4 0  9993
2   133  67.1171 293.7522 0047736  59.4091 301.1701 14.18208207 26731
1   134U 61015U   20195.62400968 -.00000039 +00000-0 +26661-4 0  9991
2   134 066.8816 331.1811 0087477 309.4200 049.9161 13.96833212003319
1   136U 61015W   20195.63595037 +.00000278 +00000-0 +12631-3 0  9991
2   136 067.5307 050.6606 0058847 207.2414 152.5603 14.33587545045854
1   138U 61015Y   20195.94165083  .00000004  00000-0  52538-4 0  9999
2   138  67.1556  15.0168 0030436   1.2647 358.8512 14.01717245999709
1   141U 61015AB  20196.05767302 -.00000094  00000-0 -14040-4 0  9995
2   141  66.5902 305.5622 0052853  12.1104 348.1227 13.86874385971907
1   144U 61015AE  20195.65073351 +.00000002 +00000-0 +64760-4 0  9998
2   144 066.5012 336.3042 0049342 296.2495 063.3514 13.90091411983686
1   145U 61015AF  20196.39398237 -.00000114  00000-0 -23970-4 0  9998
2   145  66.9262 338.5378 0056761  90.0800 270.6790 14.01345829 13857
1   147U 61015AH  20195.70614143 -.00000060 +00000-0 +11210-4 0  9994
2   147 066.6172 197.9145 0051521 153.2638 207.1128 14.19094735026934
1   148U 61015AJ  20195.64832112 +.00000008 +00000-0 +52973-4 0  9998
2   148 065.7762 017.2926 0153808 338.2484 021.2106 14.05721321454339
1   150U 61015AL  20195.67441491 +.00000040 +00000-0 +11038-3 0  9992
2   150 066.2469 189.2291 0053298 068.2365 292.4364 13.81241698809347
1   152U 61015AN  20195.63785221 -.00000228 +00000-0 -73863-4 0  9997
2   152 066.5903 064.6715 0160678 227.9745 130.7563 14.09236453020893
1   154U 61015AQ  20196.39397371  .00000040  00000-0  73557-4 0  9998
2   154  66.6567 196.0718 0077311  56.7227 304.1233 14.04482005 13040
1   155U 61015AR  20195.85358999 +.00000253 +00000-0 +10786-3 0  9992
2   155 066.8796 252.6442 0042069 147.8379 212.5305 14.39297712048689
1   158U 61015AU  20195.53092673 +.00000189 +00000-0 +63204-3 0  9995
2   158 067.0734 117.9637 0604899 117.9409 248.4189 12.65250743731411
1   159U 61015AV  20195.58185871 +.00000057 +00000-0 +28752-3 0  9997
2   159 065.5264 336.3767 0380532 263.3886 092.3697 13.02058240798945
1   162U 61017A   20196.19656721 -.00000142  00000-0  62149-5 0  9994
2   162  47.8998 118.4440 0044928 202.3391 157.5545 14.44058285104193
1   163U 61018A   20196.16835438 -.00000001  00000-0 -64061-3 0  9995
2   163  91.2011 110.8377 0102751  11.3967 348.9202  8.91835558921345
1   167U 61017D   20195.84899741 -.00000196 +00000-0 -19117-4 0  9997
2   167 047.8437 195.8286 0092802 254.3740 104.6886 14.22756019056386
1   172U 61015AY  20195.65550485 +.00000035 +00000-0 +13642-3 0  9995
2   172 067.0688 075.0181 0133958 164.3546 196.1721 13.57481487911575
1   177U 61015BB  20195.84032262 +.00000065 +00000-0 +73568-4 0  9996
2   177 066.6701 327.4845 0115025 167.3849 193.0164 14.13517538035165
1   178U 61015BC  20195.55585835 -.00000062 +00000-0 +10962-4 0  9991
2   178 066.8644 248.0187 0072865 100.1328 260.7982 13.92366304995841
1   188U 61018C   20195.21272379 -.00000030  00000-0 -10820-1 0  9990
2   188  91.1952 113.4905 0101641 246.7970 112.2171  8.93799615925072
1   192U 61028A   20195.74628728 +.00000004 +00000-0 +33658-2 0  9991
2   192 095.8578 128.4315 0138180 286.3554 072.2145 08.67761726860414
1   194U 61028C   20195.78945538 +.00000029 +00000-0 +13492-1 0  9998
2   194 095.8363 150.2811 0376945 156.9271 204.9006 08.70052516865018
1   195U 61028D   20195.22001657 -.00000014 +00000-0 -49820-2 0  9994
2   195 095.8725 111.0396 0146674 009.3692 350.9848 08.65617100855718
1   196U 61018D   20196.22760389  .00000001  00000-0 -23560-4 0  9999
2   196  91.2076 109.0754 0098555 145.0257 215.7137  8.89671497916602
1   202U 61031A   20195.86343909  .00000018  00000-0 -45569-5 0  9998
2   202  32.4397  40.2933 0101378 337.9440  21.6839 13.63538049925473
1   204U 61031C   20195.83968872  .00000033  00000-0  14467-4 0  9997
2   204  32.4418 119.7145 0098431  40.4153 320.3732 13.64875569927552
1   205U 61031B   20196.26237511  .00000010  00000-0 -15435-4 0  9997
2   205  32.4388 172.3796 0102066 133.3027 227.6157 13.62413386924277
1   210U 61015BE  20196.23022735  .00000069  00000-0  12628-3 0  9995
2   210  66.4583 290.0975 0054613 236.1096 123.4776 13.86035847965651
1   223U 61015BK  20195.63759706 -.00000057 +00000-0 +15196-4 0  9999
2   223 066.8892 169.3516 0061820 066.0551 294.6985 13.88642782990290
1   224U 61015BL  20196.31703068  .00000221  00000-0  17410-3 0  9998
2   224  66.7350 217.7267 0059598 124.7986 247.0134 14.08024272  7965
1   225U 61015BM  20195.62882331  .00000102  00000-0  66752-4 0  9995
2   225  66.7995 163.5621 0105196  35.7221 325.0856 14.31486330 47833
1   226U 62002A   20196.03469915 -.00000161  00000-0  34803-5 0  9997
2   226  48.2973  72.4254 0078336 345.8206  14.0495 14.45678894 76095
1   227U 62002B   20195.75689796 -.00000078 +00000-0 +28381-4 0  9997
2   227 048.1486 331.7062 0131868 157.9713 202.6919 14.38266788032553
1   228U 62002C   20195.77860185 -.00000064 +00000-0 +15281-4 0  9993
2   228 048.4305 012.0731 0014618 056.1462 304.0850 15.01356475139309
1   230U 61015BN  20195.84467022 -.00000039  00000-0  26514-4 0  9993
2   230  66.8847 325.2513 0100354 291.5738  67.4673 13.96112701  4070
1   232U 61015BQ  20195.66224374 -.00000001 +00000-0 +52367-4 0  9990
2   232 066.8196 174.2442 0062276 213.5481 146.1652 13.99285569004035
1   233U 61015BR  20195.70061226 +.00000409 +00000-0 +10179-3 0  9996
2   233 066.8506 094.0874 0025518 011.4013 348.7675 14.61652803060028
1   234U 61015BS  20195.84940317 -.00000022  00000-0  35728-4 0  9999
2   234  66.8766 137.0394 0079217 263.2376  95.9691 14.02238923  8373
1   235U 61015BT  20196.28035960  .00000063  00000-0  73017-4 0  9995
2   235  66.9558 290.7952 0164098 163.8334 196.8082 14.08643818 16814
1   243U 61015BY  20195.67586794  .00000058  00000-0  98926-4 0  9992
2   243  66.4651  34.7852 0024905  19.7197 340.4840 13.97261079981109
1   244U 61015BZ  20196.09909582 -.00000034  00000-0  31836-4 0  9996
2   244  66.8411 142.2131 0071205 188.2552 171.7364 13.94651986997723
1   245U 61015CA  20196.39039461  .00000074  00000-0  84042-4 0  9990
2   245  66.0660  73.2558 0053049  14.8279 345.4346 14.13746492 22047
1   246U 61015CB  20195.75331650 -.00000048 +00000-0 +23806-4 0  9998
2   246 066.8698 018.5962 0070498 224.2357 135.3072 13.85776485323936
1   252U 61015CD  20195.53433049 +.00000116 +00000-0 +19070-3 0  9998
2   252 067.0774 250.0856 0055760 342.9247 084.4987 13.76219723953358
1   253U 61015CE  20195.64840566 +.00000349 +00000-0 +92657-4 0  9998
2   253 066.9254 278.9341 0018469 053.4629 306.8182 14.60079939060287
1   254U 61015CF  20195.75427476 +.00000103 +00000-0 +56780-4 0  9997
2   254 066.7774 311.1367 0079469 278.8448 080.3665 14.42282143060766
1   260U 61015CG  20195.60016195 +.00000170 +00000-0 +88825-4 0  9999
2   260 066.7697 160.6631 0058223 293.4896 066.0093 14.34559851045126
1   261U 61015CH  20196.40662026 -.00000050  00000-0  19680-4 0  9990
2   261  66.6820  46.7447 0086967  12.9400 347.3885 13.99932717  9124
1   262U 61015CJ  20195.72024736  .00000173  00000-0  78220-4 0  9995
2   262  66.4640 192.3818 0075342 156.3128 204.1473 14.42178182 45623
1   263U 61015CK  20195.73784640 +.00000062 +00000-0 +46527-4 0  9996
2   263 066.5298 187.9638 0109414 347.1988 186.8240 14.40202694071076
1   264U 61015CL  20195.69231421 +.00000211 +00000-0 +12128-3 0  9991
2   264 066.5268 187.4094 0016292 077.0044 283.2869 14.27364836023852
1   268U 61015CN  20195.82320674 +.00000052 +00000-0 +29862-3 0  9995
2   268 067.9370 213.8594 0657986 268.9877 273.8701 12.50377049682541
1   271U 62010A   20195.20566460 +.00000005 +00000-0 +17357-3 0  9996
2   271 086.6535 270.5746 0332025 168.0388 192.8643 09.41309405002050
1   273U 62010C   20195.62982914 -.00000025 +00000-0 -58259-2 0  9999
2   273 086.6592 253.3534 0307661 016.8007 344.2828 09.43764484007074
1   274U 62010D   20195.71885219 +.00000058 +00000-0 +11263-1 0  9997
2   274 086.6577 286.9417 0330474 290.8576 065.7238 09.39339638997930
1   299U 61015CQ  20195.55190442 -.00000028 +00000-0 +42607-4 0  9994
2   299 067.1693 008.7818 0187886 102.9942 259.2179 13.67868702932929
1   309U 62025A   20196.35133070 -.00000170  00000-0  71831-5 0  9991
2   309  58.0895 223.4627 0194576 171.6985 188.7342 14.56850193 66236
1   312U 62025C   20195.96367888 -.00000158  00000-0  87343-5 0  9998
2   312  58.2500 341.7517 0206173 310.6411  47.6847 14.54471151 43928
1   318U 61015CU  20195.57929940 +.00000291 +00000-0 +46778-4 0  9995
2   318 066.5362 028.6817 0076965 226.0717 133.4040 14.85768657090081
1   320U 61015CW  20195.53690306 -.00000019  00000-0  24825-4 0  9993
2   320  66.9050 244.6025 0144310 241.2431 117.4107 14.27194728 59275
1   323U 61015CZ  20195.68679037 -.00000287 +00000-0 -10587-3 0  9997
2   323 066.8392 187.1456 0084386 236.0461 123.2588 14.13217031022362
1   324U 61015DA  20195.71470248 +.00000190 +00000-0 +14866-3 0  9990
2   324 066.8673 085.6424 0070357 186.9173 173.0953 14.10265283017618
1   325U 61015DB  20195.81030076  .00000112  00000-0  91809-4 0  9990
2   325  66.9146 224.7791 0066999 232.0944 127.4081 14.18239574 26251
1   327U 61015DD  20195.62192253 -.00000056 +00000-0 +16960-4 0  9990
2   327 066.5445 323.1419 0105955 093.2272 268.0933 13.89695977985868
1   329U 61015DF  20195.88402837 +.00000125 +00000-0 +23084-3 0  9992
2   329 066.7811 043.1055 0115975 351.0210 024.3809 13.65282568934506
1   330U 61015DG  20196.46524665  .00000063  00000-0  90254-4 0  9998
2   330  66.9803 264.5455 0059124 295.2511  64.2455 14.02357793993454
1   333U 61015DK  20195.57832182 +.00000234 +00000-0 +72279-4 0  9995
2   333 066.7141 024.6856 0052044 156.8945 203.4525 14.57557280072071
1   334U 61015DL  20195.97660495 -.00000063  00000-0  10153-4 0  9990
2   334  66.9246  47.2317 0084798 229.7427 129.6217 13.91268352995403
1   335U 61015DM  20196.18861423 -.00000063  00000-0  92475-5 0  9997
2   335  66.8421 260.2206 0044830 321.5656  38.2245 14.17326275 20605
1   336U 61015DN  20195.76003771 -.00000016  00000-0  62896-4 0  9996
2   336  67.0285 197.5034 0085092 246.2373 290.6925 13.68441120943539
1   337U 61015DP  20195.86539697 -.00000128 +00000-0 -57076-4 0  9998
2   337 067.0085 346.1962 0101186 012.7326 347.6266 13.74466695947173
1   340U 62029A   20195.82885171 +.00000100 +00000-0 +10523-2 0  9997
2   340 044.7968 027.4405 2426166 159.0250 339.8666 09.12868088934779
1   341U 62029B   20195.25165281 +.00000092 +00000-0 +86617-3 0  9996
2   341 044.8085 294.8973 2418802 264.4022 083.0350 09.14244189937253
1   350U 61015DQ  20195.71621410 +.00000084 +00000-0 +70681-4 0  9998
2   350 066.9135 006.0901 0129532 345.4964 014.2426 14.20741222055333
1   351U 61015DR  20195.66571754 +.00000247 +00000-0 +81431-4 0  9994
2   351 066.7519 289.1807 0038761 196.9584 163.0235 14.53477018061037
1   353U 61015DT  20195.85918625  .00000947  00000-0  10524-3 0  9990
2   353  66.5022 353.3149 0027794 290.5962  69.2185 14.92240418 78522
1   354U 61015DU  20195.75222406 -.00000079 +00000-0 -18714-4 0  9993
2   354 067.0658 288.0339 0164409 018.0857 060.1615 13.48239929185993
1   355U 61015DV  20195.56573274 -.00000361 +00000-0 -51496-3 0  9992
2   355 067.2229 036.0678 0254801 296.3004 092.5717 13.32100838860629
1   357U 61015DX  20196.19204803 -.00000022  00000-0  36084-4 0  9993
2   357  66.8102 263.2387 0019906 288.3465  71.5455 14.03960276992041
1   369U 62039A   20196.15077853 -.00000010  00000-0  66324-5 0  9990
2   369  98.4513  99.2548 0091053 272.4648  86.6142 14.83727175 94496
1   397U 62047A   20195.51348790 -.00000167  00000-0  53778-5 0  9992
2   397  58.3058 278.4833 0014505  68.9830 291.2765 14.88463067110803
1   402U 61015EB  20196.38735674  .00000238  00000-0  10142-3 0  9994
2   402  66.6639 334.1696 0032452 121.3537 239.0749 14.40701776 27790
1   403U 61015EC  20196.40078137 -.00000045  00000-0  27687-4 0  9992
2   403  66.8420  73.1473 0027636 246.8991 286.4948 13.80760256972909
1   404U 61015ED  20195.74550722 +.00000697 +00000-0 +14054-2 0  9998
2   404 066.4716 314.9642 0568002 249.7560 104.1548 12.90435319763830
1   405U 61015EE  20195.69614667 -.00000035 +00000-0 +42625-4 0  9996
2   405 066.8916 172.6635 0091599 229.0464 307.4721 13.65809184936521
1   406U 61015EF  20195.34406578 -.00000061 +00000-0 +13122-4 0  9998
2   406 066.7796 044.1390 0115698 039.4190 134.6012 13.66897585925135
1   407U 61015EG  20196.37020352  .00000697  00000-0  20725-3 0  9995
2   407  66.3270  48.4132 0088949 287.9893 248.6758 14.47271560 15804
1   408U 61015EH  20195.86952590 -.00000012 +00000-0 +63379-4 0  9992
2   408 066.7848 224.6367 0066755 155.2668 020.5606 13.74944933007963
1   409U 61015EJ  20195.99056231  .00000153  00000-0  10221-3 0  9996
2   409  66.7134 202.7592 0076270 292.6825  66.6218 14.23023960 33448
1   410U 61015EK  20195.73853515 -.00000038 +00000-0 +37525-4 0  9990
2   410 066.6916 177.8792 0016665 330.5036 203.7859 13.76116382962207
1   414U 61015EP  20195.70827185 -.00000065 +00000-0 +11342-4 0  9994
2   414 066.4456 306.9271 0048086 351.9154 157.7388 13.77072683963971
1   416U 61015ER  20195.99711120 -.00000187  00000-0 -54473-4 0  9996
2   416  66.5224  64.8501 0076805 184.7093 175.3282 14.12357686 26414
1   417U 61015ES  20195.85725194 -.00000097 +00000-0 -67137-5 0  9990
2   417 066.7470 356.4490 0077595 223.7610 135.7316 14.17221010030524
1   420U 61015EV  20195.87231070 +.00000074 +00000-0 +60436-4 0  9998
2   420 066.8146 158.4834 0085635 024.1130 336.3940 14.28793405043985
1   424U 62049A   20196.37899523  .00000055  00000-0  52358-4 0  9992
2   424  80.4655 236.5892 0024083  60.4785 299.8764 13.69151265885175
1   426U 62049B   20195.86328824  .00000016  00000-0  76564-5 0  9991
2   426  80.4694 245.3336 0018525  48.3036 125.5607 13.68477426884673
1   446U 62060A   20195.87592612 -.00000124 +00000-0 +55995-5 0  9991
2   446 050.1418 257.5232 0070233 071.7934 100.4481 13.35273248814545
1   447U 62060B   20195.54430247 -.00000127  00000-0 -19431-7 0  9992
2   447  50.1302 117.7712 0065639 185.3082 346.0449 13.39046315822467
1   461U 61015EX  20195.64573853 +.00000343 +00000-0 +90586-4 0  9994
2   461 067.5060 195.6195 0054906 254.2456 105.2604 14.59411607067611
1   463U 61015EZ  20195.72153854 +.00000150 +00000-0 +70191-4 0  9996
2   463 066.7723 101.8500 0048064 103.8116 256.8345 14.43240438055751
1   465U 61015FB  20195.77435589 +.00000325 +00000-0 +15237-3 0  9994
2   465 066.3165 294.6529 0046737 271.1402 088.4340 14.31986849035485
1   467U 61015FD  20194.98505446 +.00001295 +00000-0 +17598-2 0  9996
2   467 066.5582 054.6846 0259963 201.7149 157.2725 13.49321114988151
1   469U 61015FF  20195.52353170 -.00000009  00000-0  29340-4 0  9997
2   469  66.8358  36.6109 0061390  18.2128 342.1149 14.28751363 43723
1   470U 61015FG  20195.74819580 +.00000329 +00000-0 +24900-3 0  9995
2   470 066.2312 067.2169 0071567 195.0264 164.8693 14.05389880007928
1   474U 61015FL  20195.84104639 +.00000626 +00000-0 +10079-3 0  9994
2   474 066.2459 087.9933 0029357 216.7604 266.6590 14.78935923069932
1   475U 61015FM  20195.78592019 +.00000326 +00000-0 +20478-3 0  9992
2   475 066.2270 252.7046 0156173 337.6024 021.8289 14.10791476981902
1   478U 61015FQ  20195.80633213  .00000013  00000-0  26288-4 0  9999
2   478  66.0714 227.3575 0062746 234.7948 124.7275 14.57669743 66831
1   479U 61015FR  20195.63811608  .00001633  00000-0  16407-3 0  9997
2   479  66.6764 286.6166 0002867 231.3042 128.7833 14.94250972 47938
1   480U 61015FS  20195.82468778 -.00000031 +00000-0 +20871-4 0  9999
2   480 066.2389 129.8219 0078771 068.1365 292.8085 14.33236126043955
1   503U 62068A   20195.80154094 -.00000031 +00000-0 +00000-0 0  9993
2   503 047.5125 314.8469 2840073 113.8677 034.4896 07.78156496636985
1   506U 62070A   20196.12093692 -.00000120  00000-0  18158-4 0  9997
2   506  52.0033 343.9861 0278443 132.3024 230.1861 13.85166101909228
1   510U 62049C   20195.76984132 +.00000026 +00000-0 +18960-4 0  9990
2   510 080.5148 297.8789 0014630 288.2080 230.4511 13.69731809886359
1   511U 62049D   20195.69686274 +.00000037 +00000-0 +32217-4 0  9992
2   511 080.4273 177.9226 0032197 142.1852 034.5082 13.68230169883541
1   515U 62068B   20195.86680035 -.00000024  00000-0  00000+0 0  9992
2   515  47.5050 254.1768 2835196 168.3044 200.0798  7.79246180639375
1   516U 61015FT  20195.51956667 +.00000038 +00000-0 +92903-4 0  9995
2   516 065.9932 215.3360 0090573 231.1222 128.1746 13.91302798987157
1   530U 61015FU  20196.20586527 -.00000043  00000-0  23871-4 0  9997
2   530  66.8796 264.0556 0086914 291.2314  67.9502 13.98301922  5518
1   537U 61015FW  20195.86931212 +.00000138 +00000-0 +23911-3 0  9998
2   537 067.2267 040.4273 0168767 106.6516 269.6049 13.62808730720572
1   538U 61015FX  20196.19588318  .00000306  00000-0  10875-3 0  9993
2   538  67.8101 162.0323 0022474 310.8705  49.0462 14.45502098 50155
1   541U 61015GA  20195.60748833 +.00000018 +00000-0 +78448-4 0  9993
2   541 067.2186 151.6253 0073925 151.2931 209.2248 13.84824915972474
1   543U 61015GC  20195.83683083 +.00000012 +00000-0 +95384-4 0  9997
2   543 067.0330 306.0954 0074161 306.6599 135.2091 13.68222384940550
1   544U 61015GD  20195.85402507 -.00000121 +00000-0 -66093-4 0  9998
2   544 066.8737 143.0664 0194878 275.6247 112.9216 13.54763411908303
1   545U 61015GE  20195.66233755 +.00000069 +00000-0 +14546-3 0  9999
2   545 067.2316 247.2419 0168400 242.9450 115.4350 13.68989319933994
1   548U 61015GH  20196.43895055  .00000051  00000-0  28830-4 0  9998
2   548  66.6735 215.3911 0121232 326.3193  33.0258 14.64544445106977
1   549U 61015GJ  20195.85526712 -.00000023 +00000-0 +76532-4 0  9997
2   549 066.6951 052.0236 0219797 224.8421 147.0265 13.35760981873780
1   552U 61015GM  20195.93581961  .00000024  00000-0  70536-4 0  9995
2   552  67.7408 127.9886 0092875 119.9616 241.0732 13.92023878955271
1   553U 63004A   20193.95449844 -.00000162  00000-0  00000+0 0  9997
2   553  30.9611 315.6151 0725100 129.3004 237.3759  1.16484757209562
1   558U 61015GQ  20195.72686201 -.00000101 +00000-0 -88763-4 0  9990
2   558 065.6990 096.8200 0483185 244.7334 141.5225 12.85732977771316
1   559U 61015GR  20195.09624059  .00000206  00000-0  83765-4 0  9995
2   559  66.6088  78.1366 0077048 296.2731  63.0471 14.44621568 35585
1   560U 61015GS  20196.04929800  .00000489  00000-0  64189-3 0  9996
2   560  67.1615 111.5383 0310273  70.9759 292.4639 13.50454110861930
1   561U 61015GT  20195.71559124 -.00000264 +00000-0 -80977-3 0  9994
2   561 067.7560 295.6014 0632104 330.0988 096.6711 12.40122558672622
1   573U 63013A   20194.80379647 -.00000033 +00000-0 +27648-3 0  9995
2   573 042.7456 109.2753 4008918 034.9469 352.4419 06.39261655447654
1   574U 63014A   20196.36269387  .00000007  00000-0  19255-2 0  9993
2   574  87.3382  42.0224 0036452 136.7287 223.6439  8.65271981 30882
1   575U 63013B   20195.67404559 +.00000073 +00000-0 +15344-2 0  9996
2   575 042.7702 055.9942 4008704 092.9538 346.6382 06.40226609337330
1   589U 63014D   20195.58462116 +.00000010 +00000-0 +32728-2 0  9991
2   589 087.3349 037.6554 0172820 072.9114 289.0591 08.65621831806505
1   602U 63014E   20195.52913101 -.00000003  00000-0 -29126-2 0  9998
2   602  87.3460  36.5671 0063906  95.1288 265.6865  8.67228968810466
1   608U 63014C   20195.51190401 +.00000003 +00000-0 -20002-3 0  9997
2   608 087.3353 039.9733 0097082 080.0459 281.1336 08.65295051806257
1   614U 63025B   20195.77788664 +.00004643 -91901-6 +84664-4 0  9993
2   614 081.9834 086.5326 0552397 159.1130 203.3644 14.60243558601116
1   622U 63030A   20195.73291310 +.00000003 +00000-0 +13071-3 0  9993
2   622 088.4163 332.8634 0038691 065.5935 294.8946 08.57931984274145
1   628U 63014F   20196.03258722  .00000003  00000-0  00000+0 0  9999
2   628  87.3296  48.9382 0047770 117.2696 243.3033  8.63363804802463
1   629U 63014G   20195.58079615 -.00000003 +00000-0 -27641-2 0  9996
2   629 087.3350 038.2680 0139245 078.7057 282.9409 08.65574145806890
1   630U 63030C   20195.73565354 +.00000021 +00000-0 +90083-2 0  9991
2   630 088.4100 324.7439 0018341 006.1547 353.9527 08.59846828788784
1   631U 63030E   20195.84437789 +.00000016 +00000-0 +63687-2 0  9998
2   631 088.4149 338.6233 0215867 076.1824 286.2944 08.55908805780458
1   634U 63031A   20195.66165184 -.00000115 +00000-0 +00000-0 0  9998
2   634 034.1543 330.4600 0007245 135.6049 140.1069 01.00296884208657
1   635U 63030B   20195.54501482 +.00000001 +00000-0 -64723-3 0  9999
2   635 088.4233 336.5390 0060010 045.6631 314.9117 08.57927363784796
1   643U 61015GU  20195.58601158 +.00000491 +00000-0 +86536-3 0  9992
2   643 066.3707 256.8507 0339883 164.3738 196.8118 13.30318534821919
1   644U 61015GV  20195.48617196  .00000155  00000-0  28653-3 0  9994
2   644  67.0950 206.7034 0156589 225.8490 211.3982 13.57916175903989
1   645U 61015GW  20195.42216620  .00000232  00000-0  61005-3 0  9990
2   645  66.5899 146.4244 0422360 276.0230 167.9630 13.03552780798002
1   648U 61015GZ  20195.92034597 +.00000053 +00000-0 +15915-3 0  9999
2   648 065.8766 180.3472 0207324 200.3119 184.9924 13.57002588905096
1   649U 61015HA  20195.74786858 -.00000010  00000-0  13882-3 0  9999
2   649  66.2641 204.2434 0561634 355.8998 178.4198 12.64528970719398
1   652U 61015HD  20195.75017162 -.00000040  00000-0  23281-4 0  9997
2   652  66.6942 210.2100 0073033  78.7992 282.1293 14.09254996988531
1   653U 61015HE  20196.10911388 -.00000063  00000-0  47282-5 0  9994
2   653  67.4608  77.8876 0167994 257.4121 256.8589 13.66065345922317
1   655U 61015HG  20194.80260722 -.00000298 +00000-0 -51409-3 0  9995
2   655 067.2584 072.2423 0366296 000.1121 062.9081 13.07744724803632
1   656U 61015HH  20195.57028373 -.00000859 +00000-0 -17129-2 0  9998
2   656 066.2900 286.6370 0666141 096.0418 271.6861 12.67984724692138
1   657U 61015HJ  20195.88136007 +.00000167 +00000-0 +50515-3 0  9994
2   657 066.2091 045.1051 0326498 044.8245 330.4316 13.11031837820838
1   658U 61015HK  20195.78775716 -.00001328 +00000-0 -16542-2 0  9993
2   658 065.8646 128.2215 0356638 151.9775 210.0987 13.37742410769790
1   659U 61015HL  20195.88000223 +.00000324 +00000-0 +10179-2 0  9992
2   659 067.1647 348.9939 0590355 192.9565 324.1672 12.65514787717053
1   660U 61015HM  20195.78836234 +.00000362 +00000-0 +94819-4 0  9999
2   660 066.5218 178.5995 0047866 322.2102 104.2093 14.60418329066266
1   669U 63038A   20195.64842022 +.00000029 +00000-0 +32667-4 0  9995
2   669 090.0558 331.0713 0025476 204.8140 166.8875 13.45978952788514
1   670U 63038B   20195.64175237 +.00000026 +00000-0 +28794-4 0  9997
2   670 090.0457 331.9681 0043228 108.7959 251.7886 13.44333015783944
1   671U 63038C   20195.66407467 +.00000034 +00000-0 +41758-4 0  9997
2   671 090.0465 331.8822 0042108 072.0587 288.5145 13.44849853784204
1   672U 63038D   20195.83245795 -.00000410 +00000-0 -51007-3 0  9998
2   672 090.0565 331.5112 0034390 038.1499 115.5431 13.65784665806275
1   694U 63047A   20196.45387195  .00000329  00000-0  32320-4 0  9997
2   694  30.3556 102.1488 0585564  61.2114 304.6016 14.02615684840510
1   698U 63047D   20195.30044427 +.00000146 +00000-0 +28891-4 0  9997
2   698 029.9209 149.1816 0548875 118.9382 246.7362 13.69276405781712
1   700U 63047F   20195.66471914 +.00000073 +00000-0 +49140-5 0  9995
2   700 030.4801 313.4111 0723580 133.4220 232.8930 13.38582179759857
1   701U 63047G   20195.87974178 +.00000098 +00000-0 +11251-4 0  9997
2   701 030.0114 065.3153 0528692 058.4619 306.6503 13.77004699811196
1   702U 63014H   20195.92660461  .00000001  00000-0 -10452-2 0  9990
2   702  87.3296  36.9810 0252550  89.7814 273.1975  8.65738507807007
1   703U 63049A   20195.44420115 +.00000013 +00000-0 +51681-5 0  9990
2   703 089.9062 089.7028 0017642 047.8765 126.0940 13.49830834787206
1   704U 63049B   20195.44133329  .00000014  00000-0  74935-5 0  9997
2   704  89.9051  90.2503 0036494  43.2415 130.4489 13.46851465780455
1   705U 63049C   20195.64279649 +.00000021 +00000-0 +19290-4 0  9996
2   705 089.9051 090.1806 0034392 005.5032 053.3168 13.47347451780703
1   706U 63049D   20195.70706365 +.00000092 +00000-0 +11893-3 0  9992
2   706 089.9109 093.0741 0024977 263.1225 124.3610 13.55363962790012
1   715U 63049E   20196.15428650  .00000138  00000-0  14135-3 0  9993
2   715  89.9232  97.4308 0029613 163.0062   5.0286 13.71681087806869
1   716U 63054A   20196.18963172 -.00000175  00000-0  16987-5 0  9997
2   716  58.4960 103.8767 0023559   8.3994 351.7433 14.69540515 18439
1   720U 63054C   20195.54501050 -.00000102 +00000-0 +16990-4 0  9997
2   720 058.4734 284.5177 0107917 229.3318 129.8292 14.47041179967888
1   721U 63053B   20195.39419111 +.00000063 +00000-0 +31184-4 0  9993
2   721 078.6091 082.6214 1087131 073.3061 298.4345 12.53717060578666
1   724U 63053E   20196.42330756 -.00000025  00000-0 -75954-5 0  9992
2   724  78.6028  83.2505 0378702 156.5276 205.3701 14.17318225727309
1   727U 64001A   20195.60729978 -.00000035  00000-0  14060-4 0  9996
2   727  69.9053 255.1636 0015893 301.1985  58.7562 13.95386761875621
1   728U 64001B   20196.39372646 -.00000014  00000-0  28602-4 0  9994
2   728  69.9061 180.6832 0016125 256.7590 103.1717 13.97164961877859
1   729U 64001C   20196.44768204 -.00000039  00000-0  10992-4 0  9990
2   729  69.8999 252.8946 0015622 321.9363  38.0636 13.94906744875495
1   730U 64001D   20196.37978321 -.00000049  00000-0  37936-5 0  9996
2   730  69.9050 241.8426 0016434 288.6021  82.0634 13.95630398759284
1   731U 64001E   20195.51951783 -.00000039  00000-0  10804-4 0  9998
2   731  69.9046 235.7432 0016502 286.4467  73.4824 13.95853377875946
1   732U 63053H   20195.75441765 -.00000281  00000-0 -11442-3 0  9993
2   732  78.5856 344.5048 0529225  18.8869 343.1101 13.71843620694777
1   733U 64002A   20196.15503221 -.00000018  00000-0  10789-4 0  9991
2   733  99.0083  88.7377 0034198 152.3331 207.9680 14.32398837943069
1   734U 64002B   20195.74624472 -.00000011 +00000-0 +14885-4 0  9992
2   734 099.1291 013.7164 0014148 337.3891 022.6664 14.28876462939691
1   735U 64002C   20196.45803741 -.00000019  00000-0  11759-4 0  9995
2   735  99.1347   8.6023 0017705  77.9904 282.3259 14.27829559937951
1   737U 64003A   20196.35866546 -.00000024  00000-0  00000+0 0  9997
2   737  46.4475 260.8802 2588310 115.7029 273.2483  7.39527864526279
1   738U 64003B   20196.28463655 -.00000024  00000-0  00000+0 0  9994
2   738  46.4503 268.9784 2592233 108.3970 281.3706  7.39318613525695
1   739U 63047H   20195.89955980 +.00000107 +00000-0 -46853-6 0  9990
2   739 030.4254 123.4931 0647211 208.7873 147.5491 13.82412706841523
1   741U 64004B   20195.55714567 +.00000011 +00000-0 -92583-6 0  9999
2   741 081.4912 131.4247 0171820 176.3477 357.3413 13.23659984726679
1   742U 64004C   20195.81641001  .00000051  00000-0  83022-4 0  9990
2   742  81.4663  35.3530 0172673  66.4351 295.4804 13.25958085730494
1   743U 64004D   20195.86086144  .00000020  00000-0  21992-4 0  9991
2   743  81.5227 136.2413 0173588 314.4094  97.4153 13.26479009731144
1   745U 63038E   20195.85947683 +.00000057 +00000-0 +69891-4 0  9992
2   745 090.0625 331.1817 0019634 117.1635 036.9404 13.54484808798411
1   746U 64006A   20195.55824106 -.00000406 +00000-0 -93301-4 0  9993
2   746 060.8306 221.5119 3030766 033.8487 342.3229 09.03720751871040
1   750U 64006C   20195.82977302 +.00001151 +00000-0 +16009-3 0  9990
2   750 060.7656 241.4381 1704816 173.1045 189.7005 11.79051063585781
1   753U 63049F   20196.21189898  .00000073  00000-0  93991-4 0  9996
2   753  89.9105  92.7062 0031121  20.6814 145.8153 13.53780670788127
1   801U 64026A   20195.88505962 +.00000063 +00000-0 +27291-4 0  9991
2   801 090.5176 068.2746 0049190 163.0077 197.2771 14.14642501879960
1   805U 64026B   20196.44608039  .00000216  00000-0  82835-4 0  9992
2   805  89.9094 357.2075 0034868 139.3725 221.0080 14.27304315880810
1   809U 64026D   20196.43523618  .00000064  00000-0  31099-4 0  9991
2   809  90.5066  59.9342 0042096 135.3124 225.1465 14.09166773873701
1   812U 64031A   20196.14697661 -.00000040  00000-0  61554-5 0  9994
2   812  99.8012  72.9749 0006129  37.3820 322.7780 14.23861147908734
1   813U 64031B   20195.54870816 -.00000052  00000-0  83211-6 0  9991
2   813  99.8124  70.7413 0006118 108.4119 251.7722 14.23056943907491
1   815U 64031C   20195.77670695 -.00000013 +00000-0 +17039-4 0  9991
2   815 099.8635 205.3937 0010960 273.7881 086.2042 14.27333434912140
1   829U 64038A   20195.48212942 +.00000075 +00000-0 +35321-4 0  9999
2   829 060.8065 296.0327 2984742 133.4848 255.6490 09.14031278816957
1   831U 64038C   20196.36768561  .00000744  00000-0  97967-4 0  9990
2   831  60.7066 317.2359 1604712  63.7347 311.9468 12.02444327 99380
1   858U 64047A   20196.11376227 -.00000051  00000-0  00000+0 0  9995
2   858   1.7608  75.2079 0001400  73.5491 179.0846  1.00228928167033
1   862U 64047B   20194.15110039 -.00000397 +00000-0 +00000-0 0  9993
2   862 015.9284 234.1759 7099443 307.0963 007.1548 02.05103312213707
1   870U 64051A   20195.74323552  .00000033  00000-0  19588-4 0  9990
2   870  79.8989 112.6742 0096890 208.5168 151.0669 13.91154513832905
1   871U 64051B   20196.03261016  .00000066  00000-0  38488-4 0  9996
2   871  79.8951 295.7699 0088383 150.0186 210.6079 13.99338140842533
1   876U 64053A   20196.38321164 -.00000107  00000-0  53247-5 0  9990
2   876  65.0593 226.6021 0130825  24.0409 336.6724 14.63761336972333
1   877U 64053B   20196.16702247 -.00000102  00000-0  40137-5 0  9991
2   877  65.0772 250.9166 0059771  15.1547 345.1325 14.59395134965380
1   879U 64054A   20199.12536827 -.00000451  00000-0  00000+0 0  9998
2   879  57.1083 309.5180 9116874 204.6476 359.2207  0.37819113 21689
1   893U 64063A   20195.82309878 +.00000007 +00000-0 -32961-5 0  9995
2   893 090.1575 031.6182 0027241 065.7712 305.8064 13.56129336758672
1   897U 64063B   20195.78630861 +.00000004 +00000-0 -78606-5 0  9996
2   897 090.1613 031.3427 0019240 354.8261 016.0944 13.53448776752456
1   899U 64064A   20196.36497610  .00000061  00000-0  47782-4 0  9999
2   899  79.6918 332.6536 0120126   4.2708 355.9436 13.82134593806399
1   900U 64063C   20196.19686774  .00000174  00000-0  17642-3 0  9999
2   900  90.1524  28.8202 0026589 340.8879 128.6709 13.73392616774128
